here 0
here 0
here 0
here 0
here 0
here 0
here 0
here 0
here 0
here 0
here 0
here 0
here 0
here 0
here 0
here 0
here 0
here 0
here 0
here 0
here 0
here 0
here 0
here 0
here 0
here 0
here 0
here 0
here 0
here 0
here 0
here 0
here 0
here 0
here 0
here 0
here 0
here 0
here 0
here 0
here 0
here 0
here 0
here 0
here 0
here 0
here 0
here 0
here 0
here 0
here 0
here 0
here 0
here 0
here 0
here 0
here 0
here 0
here 0
here 0
here 0
here 0
here 0
here 0
here 0
here 0
here 0
here 0
here 0
here 0
here 0
here 0
here 0
here 0
here 0
here 0
here 15576
here 0
here 0
here 0
here 0
here 0
here 0
here 0
here 0
here 0
here 120960
here 0
here 0
here 0
here 0
here 0
here 0
here 0
here 0
here 0
here 215040
here 339864
here 0
here 0
here 0
here 0
here 0
here 0
here 0
here 0
here 0
here 740520
here 675840
here 0
here 0
here 0
here 0
here 0
here 0
here 0
here 523640
here 1430784
here 1112280
here 0
here 0
here 0
here 0
here 0
here 0
here 0
here 1474560
here 2238600
here 1612416
here 0
here 0
here 0
here 0
here 0
here 0
here 940800
here 2607864
here 3096576
here 0
here 0
here 0
here 0
here 0
here 0
here 0
here 2307240
here 3825536
here 3917160
here 2555904
here 327080
here 0
here 0
here 0
here 0
here 0
here 3840000
here 5009400
here 4592640
here 2824920
here 552960
here 0
here 0
here 0
here 229320
here 3217536
here 5390280
here 4995144
here 2808960
here 570696
here 0
here 0
here 0
here 2072576
here 5090904
here 6789120
here 6702200
here 4976640
here 2370456
here 253184
here 0
here 556416
here 4179240
here 6881280
here 7847400
here 4368936
here 1351680
here 0
here 0
here 2760120
here 6319104
here 8355840
here 6337656
here 2983680
here 0
here 0
here 975240
here 8241800
here 9313920
here 8085000
here 4874240
here 612360
here 0
here 0
here 3502080
here 7477944
here 9676800
here 9456216
here 6785280
11193600 469
11251968 467
11260800 465
11220000 463
here 2244600
11354112 462
11404800 458
11248640 454
11224000 459
11463936 455
11504416 453
11424000 449
11302720 447
11304960 452
11520000 444
11434200 442
11291904 440
11162880 447
11341760 445
11540480 439
11491200 437
11383200 435
11216192 433
11169720 440
11334400 438
11489280 434
11477368 432
11404800 430
11271000 428
11396352 427
11360160 425
11260800 423
11252736 420
11188856 418
here 0
here 0
here 0
here 6126120
here 10333416
here 8515584
11182080 484
11299176 482
11385000 478
11274600 474
11286912 479
11456640 477
11575200 475
11658240 471
11622912 469
11400480 465
11214720 463
here 4186920
11289600 474
11511720 472
11681280 470
11797800 468
11730600 460
11581440 458
11380392 456
11195520 469
11469600 467
11690016 465
11856000 463
11966976 461
11966976 455
11856000 453
11690016 451
11469600 449
11195520 447
11335464 462
11606400 460
11821800 458
11980800 456
12082728 454
12113640 450
12042240 448
11913000 446
11726208 444
11482344 442
11182080 440
11435424 455
11700000 453
11907072 451
12055680 449
12144000 443
12052992 441
11901600 439
11690016 437
11418624 435
11182080 450
11495400 448
11750400 446
11945832 444
12113640 436
11999232 434
11821800 432
11581440 430
11278440 428
11212800 443
11515392 441
11757600 439
12055680 435
12109440 433
12022560 429
11880960 427
11673600 425
11400480 423
11206656 436
11495400 434
11883816 430
12011496 426
11870760 422
11698176 420
11457000 418
11163648 429
11642400 425
11783040 423
11856000 421
11860128 419
11658240 415
11450880 413
11172000 411
11335464 420
11520000 418
11681280 414
11655336 412
11385000 408
11195520 413
11354400 411
11441952 409
11456640 407
11397120 405
11201640 402
11182080 400
here 0
here 0
here 0
here 8515584
here 10635576
here 9900800
11432960 488
11507832 486
11531520 484
11458944 485
11644416 483
11776320 481
11854752 479
11880000 477
11642400 471
11461632 469
11232000 467
here 6191640
11197440 482
11496760 480
11741184 478
11930328 476
12064000 474
12142200 472
12165120 470
12046848 466
11907000 464
11714560 462
11470680 460
11176704 458
11425536 475
11728640 473
11975040 471
12164256 469
12296000 467
12370176 465
12249216 459
12096000 457
11887616 455
11625120 453
11309760 451
here 0
11250840 470
11612160 468
11915640 466
12160512 464
12346200 462
12472320 460
12380160 452
12209400 450
11980800 448
11695320 446
11354112 444
11397120 463
11757312 461
12057760 459
12297600 457
12476160 455
12647712 451
12640320 449
12439680 445
12247200 443
11994112 441
11681280 439
11309760 437
11505240 456
11860992 454
12155000 452
12386304 450
12657920 446
12672000 442
12427776 438
12209400 436
11927552 434
11583000 432
11176704 430
11164608 451
11575200 449
11923200 447
12207360 445
12580128 441
12667200 439
12687360 437
12640320 435
12344448 431
12096000 429
11781120 427
11400480 425
11205376 444
11607000 442
11943936 440
12418560 436
12554136 434
12617976 430
12545280 428
12189696 424
11907000 422
11554816 420
11211200 437
11600640 435
12177440 431
12362112 429
12476160 427
12518720 425
12489120 423
12386880 421
11963520 417
11642400 415
11248640 413
11182080 430
11860992 426
12095160 424
12257280 422
12360960 418
12300792 416
12165120 414
11665920 410
11302200 408
11473440 421
11757312 419
11968000 417
12104064 415
12164256 413
12147520 411
12052992 409
11880000 407
11296896 403
11352600 414
11612160 412
11795960 410
11930328 406
11878400 404
11745720 402
11531520 400
11193600 407
11425536 405
11579040 403
11652480 401
11644416 399
11553600 397
11378976 395
11197440 398
11354112 394
11306520 392
11173120 390
here 0
here 0
here 0
here 2037960
here 10318536
here 10813440
11249280 496
11385864 494
11498760 490
11476608 488
11403400 486
11189760 493
11448480 491
11797632 487
11888640 485
11924640 483
11906400 481
11536800 475
11313120 473
here 8047944
11193480 488
11788616 484
11999232 482
12151944 480
12247040 478
12285000 476
11881800 468
11648000 466
11363976 464
11469600 481
11804160 479
12078976 477
12293856 475
12448800 473
12544000 471
12556896 467
12475936 465
12144000 461
11895520 459
11594016 457
11241216 455
here 2163840
11303040 476
11703240 474
12042240 472
12319560 470
12534912 468
12688200 466
12809160 462
12685512 458
12323400 454
12055680 452
11732040 450
11354112 448
11491424 469
11894400 467
12234240 465
12510368 463
12722400 461
12953600 457
12972960 455
12928608 453
12821120 451
12420000 447
12128480 445
11778048 443
11370240 441
11174280 464
11640832 462
12043080 460
12380160 458
12651400 456
12994632 452
13066240 450
13009920 446
12882760 444
12433800 440
12113920 438
11732040 436
11289600 434
11286912 457
11751264 455
12149280 453
12480000 451
12936672 447
13061664 445
13117440 443
13104000 441
13021536 439
12870432 437
12364800 433
12012000 431
11594016 429
11363976 450
11822720 448
12213000 446
12784136 442
12963456 440
13071240 438
13071240 434
12963456 432
12784136 430
12213000 426
11822720 424
11363976 422
11405472 443
11855200 441
12541440 437
12775840 435
12936672 433
13023360 431
13035520 429
12972960 427
12835680 425
12623872 423
11978400 419
11546080 417
11411400 436
12213000 432
12503040 430
12717768 428
12856320 426
12902400 422
12809160 420
12638208 418
12389640 416
11661000 412
11182080 410
11803232 427
12149280 425
12418560 423
12609920 421
12722400 419
12755232 417
12707840 415
12579840 413
12371040 411
12081440 409
11260800 405
11316552 422
11718784 420
12043080 418
12288000 416
12452296 414
12534984 410
12451840 408
12285000 406
12034176 404
11699272 402
11215776 415
11595360 413
11894400 411
12111360 409
12244896 407
12293856 405
12257280 403
12134400 401
11924640 399
11627616 397
11243136 395
11432960 406
11703240 404
11888640 402
11999232 398
11922120 396
11755520 394
11498760 392
11231584 399
11469600 397
11619840 395
11680768 393
11651040 391
11529504 389
11315200 387
11193480 390
11324040 386
11249280 384
here 0
here 0
here 0
here 0
here 5038080
11162880 500
here 11162880
11253624 498
11289600 496
11202048 492
11261184 497
11481120 495
11642688 493
11793600 489
11784864 487
11605248 483
11437440 481
here 9581880
11364600 492
11658240 490
12063744 486
12176568 484
12230400 482
12165120 478
11877888 474
11381760 470
11332608 487
12004608 483
12246528 481
12426048 479
12543648 477
12595968 473
12532608 471
12411168 469
12233088 467
11713728 463
11376288 461
here 4423680
11612160 480
11988600 478
12300288 476
12547224 474
12729600 472
12902400 468
12894168 466
12693240 462
12503040 460
11950848 456
11592504 454
11182080 452
11400480 475
11848704 473
12230400 471
12545280 469
12793248 467
13089024 463
13137600 461
13120800 459
13039488 457
12894720 455
12687744 453
12093120 449
11708928 447
11269440 445
11590488 468
12042240 466
12425400 464
12739584 462
13160448 458
13267320 456
13305600 454
13178880 450
13015608 448
12787200 446
12140544 442
11725560 440
11251968 438
11219520 463
11741184 461
12192768 459
12573600 457
13121280 453
13287744 451
13382688 449
13406400 447
13359360 445
13242240 443
13055904 441
12801408 439
12093120 435
11642400 433
11332608 456
11852568 454
12300288 452
12976128 448
13203288 446
13356288 444
13435128 442
13371288 438
13229568 436
13015608 434
12730368 432
11950848 428
11459448 426
11409984 449
11924640 447
12729600 443
13018368 441
13230624 439
13366080 437
13424640 435
13406400 433
13311648 431
13140864 429
12894720 427
12574080 425
11713728 421
11176704 419
11451648 442
12386304 438
12737400 436
13009920 434
13203288 432
13317120 430
13305600 426
13180440 424
12976128 422
12693240 420
12332544 418
11381760 414
11950848 433
12364800 431
12698400 429
12950784 427
13121280 425
13209408 423
13214880 421
13137600 419
12977664 417
12735360 415
12411168 413
12005760 411
11427840 428
11904984 426
12300288 424
12612600 422
12840960 420
12984600 418
13015608 414
12902400 412
12703320 410
12418560 408
12048504 406
11593728 404
11362368 421
11819808 419
12192768 417
12480000 415
12680448 413
12793248 411
12817728 409
12753408 407
12600000 405
12357408 403
12025728 401
11605248 399
11261184 414
11695320 412
12042240 410
12300600 408
12469248 406
12533760 402
12428280 400
12230400 398
11939928 396
11556864 394
11531520 405
11848704 403
12074400 401
12207360 399
12246528 397
12191040 395
12040224 393
11793600 391
11450880 389
11328408 398
11612160 396
11801400 394
11891160 390
11789568 388
11589240 386
11289600 384
11332608 389
11481600 387
11531520 385
11481120 383
11329344 381
here 0
here 0
here 0
here 2643840
here 7834536
11317920 499
11433888 497
11491200 495
11325600 489
11163648 487
here 10656360
11357160 496
11612160 494
11804392 492
12004200 488
11965800 484
11860992 482
11489280 478
11226600 476
11422880 491
11757600 489
12231296 485
12371616 483
12464000 479
12418560 477
12314016 475
12152096 473
11934720 471
11664000 469
here 6559104
11345256 486
12106920 482
12386304 480
12598632 478
12825000 474
12840960 472
12793704 470
12515496 466
12288000 464
12004200 462
11276712 458
11625120 479
12050080 477
12405120 475
12690432 473
13053600 469
13132800 467
13144960 465
13091232 463
12972960 461
12791680 459
12549120 457
12247200 455
11473920 451
11358720 474
11861928 472
12293120 470
12652200 468
13154600 464
13298688 462
13372200 460
13376000 458
13178880 454
12980648 452
12718080 450
12393000 448
11563560 444
11548032 467
12055680 465
12489120 463
13132800 459
13343232 457
13479840 455
13543200 453
13534080 451
13453440 449
13302432 447
13082400 445
12794880 443
12441600 441
11545632 437
11698176 460
12206376 458
12993000 454
13271040 452
13472296 450
13597056 448
13645800 446
13518120 442
13343616 440
13096936 438
12779520 436
12393000 434
11420136 430
11225984 455
11809152 453
12740000 449
13086720 447
13353984 445
13541792 443
13650336 441
13680000 439
13631360 437
13505184 435
13302432 433
13024256 431
12672000 429
12247200 427
11187072 423
11302632 448
12378600 444
12794880 442
13129320 440
13381632 438
13551720 436
13639680 434
13570560 430
13414632 428
13178880 426
12864360 424
12472320 422
12004200 420
11913600 439
12400128 437
12802720 435
13120800 433
13353984 431
13502080 429
13565088 427
13543200 425
13436800 423
13246464 421
12972960 419
12617248 417
12180480 415
11664000 413
11349800 434
11907072 432
12378600 430
12763520 428
13061160 426
13271040 424
13392872 422
13372200 418
13230080 416
13000680 414
12684672 412
12282920 410
11796480 408
11226600 406
11320320 427
11861376 425
12314016 423
12677280 421
12950400 419
13132800 417
13224096 415
13224096 413
13132800 411
12950400 409
12677280 407
12314016 405
11861376 403
11320320 401
11255464 420
11776512 418
12206376 416
12544000 414
12788520 412
12939264 410
12957696 406
12825000 404
12597760 402
12276264 400
11860992 398
11352616 396
11652480 411
12055680 409
12363680 407
12575520 405
12690432 403
12707840 401
12627360 399
12448800 397
12172160 395
11797632 393
11325600 391
11489280 404
11861928 402
12136320 400
12311400 398
12360360 394
12233088 392
12004200 390
11673600 388
11241384 386
11286912 397
11625120 395
11861920 393
11996160 391
12026880 389
11953312 387
11774880 385
11491200 383
11345256 388
11540480 386
11612160 382
11486696 380
11252736 378
11172000 379
11212320 377
here 0
here 0
here 0
here 0
here 5763576
here 9993984
11346496 495
11642400 493
11870976 491
12164256 485
12136000 483
12047616 481
11901120 479
11698720 477
11442816 475
here 8386560
11364600 490
11746560 488
12300288 484
12579840 480
12619800 478
12595200 476
12507768 474
12152280 470
11888640 468
11571000 466
11202048 464
11231424 485
12095552 481
12418560 479
12849824 475
12960000 473
13001472 471
12975680 469
12884256 467
12729024 465
12512000 463
12235392 461
11901600 459
11513216 457
here 1343160
11508480 478
11988600 476
12393472 474
12979200 470
13161400 468
13271040 466
13309272 464
13277440 462
13009920 458
12777880 456
12483072 454
12127800 452
11714560 450
11177760 473
11742912 471
12230400 469
12972960 465
13228800 463
13408512 461
13512960 459
13543200 457
13500480 455
13386240 453
13202112 451
12949920 449
12631680 447
12249600 445
11806080 443
11364056 466
11934720 464
12836096 460
13167000 458
13418496 456
13591160 454
13685760 452
13703256 450
13511736 446
13305600 444
13028120 442
12681216 440
12267000 438
11787776 436
11511808 459
12573600 455
12980800 453
13305600 451
13548288 449
13709344 447
13789440 445
13789440 443
13710400 441
13553568 439
13320384 437
13012480 435
12631680 433
12180000 431
11659648 429
12190464 450
12675000 448
13074432 446
13388760 444
13618176 442
13763064 440
13824000 438
13697280 434
13511736 432
13246464 430
12903000 428
12483072 426
11988600 424
11421696 422
11691680 445
12254400 443
12729600 441
13116992 439
13416480 437
13628160 435
13752320 433
13789440 431
13740192 429
13605440 427
13386240 425
13083840 423
12699680 421
12235392 419
11692800 417
11723800 438
12275712 436
12737400 434
13108480 432
13388760 430
13578240 428
13677112 426
13604760 422
13434880 420
13177080 418
12832512 416
12402520 414
11888640 412
11292600 410
11717376 431
12254400 429
12698400 427
13048896 425
13305600 423
13468416 421
13537440 419
13512960 417
13395456 415
13185600 413
12884256 411
12492480 409
12011520 407
11442816 405
11672408 424
12190464 422
12612600 420
12938240 418
13167000 416
13298688 414
13271040 410
13112280 408
12857600 406
12507768 404
12063744 402
11526680 400
11588896 417
12083904 415
12480000 413
12776512 411
12972960 409
13069056 407
13064704 405
12960000 403
12755232 401
12450880 399
12047616 397
11546304 395
11466840 410
11934720 408
12300600 406
12563712 404
12723480 402
12731640 398
12579840 396
12324312 394
11965440 392
11503800 390
11306240 403
11742912 401
12074400 399
12299840 397
12418560 395
12430080 393
12334112 391
12130560 389
11819520 387
11401280 385
11508480 394
11801400 392
11984896 390
12020736 386
11872120 384
11612160 382
11240856 380
11231424 387
11481600 385
11618880 383
11642400 381
11551488 379
11345664 377
11171160 374
here 0
here 0
here 0
here 3265416
here 11062920
11354400 497
11536896 495
11690016 489
11616000 487
11483136 485
11293920 483
11189760 489
11625120 487
12483072 481
12623520 479
12693600 477
12695040 475
12629760 473
12499872 471
12307680 469
12055680 467
11746560 465
11383200 463
here 3920904
11970504 480
12639240 476
12859392 474
13005000 472
13077504 470
13078536 468
13009920 466
12672000 462
12407304 460
12082176 458
11699400 456
11261952 454
11262240 477
11804160 475
12646368 471
12948000 469
13171200 467
13317120 465
13387104 463
13382688 461
13305600 459
13157760 457
12941280 455
12658464 453
12311808 451
11904000 449
11437920 447
11491656 470
12509640 466
12894336 464
13197000 462
13418496 460
13559880 458
13622400 456
13607496 454
13352136 450
13115520 448
12809160 446
12435456 444
11997000 442
11496576 440
12234240 461
12703392 459
13087200 457
13386240 455
13601280 453
13733280 451
13783392 449
13752960 447
13643520 445
13456800 443
13194720 441
12859392 439
12453120 437
11978400 435
11437920 433
11825352 456
12380160 454
12846600 452
13224960 450
13515720 448
13719552 446
13837320 444
13870080 442
13685760 438
13471752 436
13178880 434
12809160 432
12364800 430
11848200 428
11261952 426
11288160 451
11929632 449
12480000 447
12939264 445
13307616 443
13585440 441
13773312 439
13872000 437
13882464 435
13805856 433
13643520 431
13396992 429
13068000 427
12658464 425
12170496 423
11606400 421
11356800 444
11992200 442
12533760 440
12981384 438
13335168 436
13595400 434
13762560 432
13837320 430
13713288 426
13516800 424
13232520 422
12862080 420
12407304 418
11870208 416
11253000 414
11388000 437
12013056 435
12541440 433
12972960 431
13307616 429
13545600 427
13687296 425
13733280 423
13684320 421
13541376 419
13305600 417
12978336 415
12561120 413
12055680 411
11463936 409
11381760 430
11992200 428
12503040 426
12913992 424
13224960 422
13436040 420
13547520 418
13473792 414
13290120 412
13009920 410
12634440 408
12165120 406
11603592 404
11338080 423
11929632 421
12418560 419
12804480 417
13087200 415
13266720 413
13343232 411
13317120 409
13188960 407
12959520 405
12629760 403
12200832 401
11674080 399
11256960 416
11825352 414
12288000 412
12644424 410
12894336 408
13037640 406
13005000 402
12829824 400
12549576 398
12165120 396
11677512 394
11679360 407
12111360 405
12433824 403
12646368 401
12748800 399
12741120 397
12623520 395
12396384 393
12060288 391
11616000 389
11491656 400
11888640 398
12172680 396
12343296 394
12343296 390
12172680 388
11888640 386
11491656 384
11262240 393
11619840 391
11860992 389
11985120 387
11991840 385
11880960 383
11652480 381
11306592 379
11304960 384
11498760 382
11523720 378
11354112 376
here 0
here 0
here 0
here 480216
here 6406400
here 10305144
here 10567680
11235840 496
11612160 492
11711232 488
11662200 486
11550720 484
11379480 482
11400480 491
12130560 485
12227488 483
12254400 481
12213504 479
12107200 477
11938080 475
11708928 473
11422720 471
12160512 477
12507264 475
12773280 473
12960000 471
13069056 469
13102272 467
13061664 465
12949440 463
12768000 461
12519936 459
12208032 457
11835264 455
11404800 453
12020736 472
12459096 470
12812800 468
13083000 466
13271040 464
13378456 462
13406976 460
13358520 458
13039320 454
12773376 452
12440056 450
12042240 448
11583000 446
11728640 467
12260160 465
12703392 463
13059200 461
13328640 459
13512960 457
13613600 455
13632192 453
13570560 451
13430720 449
13214880 447
12925440 445
12564992 443
12136320 441
11642400 439
11289600 462
11915640 460
12450048 458
12893400 456
13246464 454
13510200 452
13685760 450
13774488 448
13777920 446
13536000 442
13294680 440
12976128 438
12582840 436
12117504 434
11583000 432
11430720 455
12057760 453
12590400 451
13029120 449
13374592 447
13627680 445
13789440 443
13861120 441
13844160 439
13740192 437
13551040 435
13278720 433
12925440 431
12493600 429
11985792 427
11404800 425
11531520 448
12155000 446
12681216 444
13110552 442
13443584 440
13681080 438
13824000 436
13873496 434
13697784 430
13475840 428
13167000 426
12773376 424
12297272 422
11741184 420
11592000 441
12207360 439
12722496 437
13137696 435
13453440 433
13670400 431
13789440 429
13811616 427
13738176 425
13570560 423
13310400 421
12959520 419
12519936 417
11993856 415
11383680 413
11612160 434
12214840 432
12714240 430
13110552 428
13404160 426
13595640 424
13685760 422
13565952 418
13358520 416
13054720 414
12656280 412
12165120 410
11583352 408
11592000 427
12177440 425
12656448 423
13029120 421
13295744 419
13456800 417
13512960 415
13465088 413
13314240 411
13061664 409
12708800 407
12257280 405
11708928 403
11531520 420
12095160 418
12549120 416
12893400 414
13128192 412
13253880 410
13180440 406
12983040 404
12679992 402
12272640 400
11762520 398
11430720 413
11968000 411
12392256 409
12703392 407
12901504 405
12986880 403
12960000 401
12821536 399
12572352 397
12213504 395
11746240 393
11172000 391
11289600 406
11795960 404
12185856 402
12459096 400
12615680 398
12579840 394
12388376 392
12082176 390
11662200 388
11579040 397
11929920 395
12160512 393
12270720 391
12260640 389
12130560 387
11880960 385
11512512 383
11317240 390
11624448 388
11807640 386
11801400 382
11612160 380
11299288 378
11269440 381
11400480 379
11403392 377
11278080 375
here 0
here 0
here 0
here 0
here 3870720
here 8908200
11296544 493
11491200 491
11661728 487
11642400 485
11556864 483
11408000 481
11198880 479
here 8014440
11500008 488
12004200 484
12140544 482
12202600 480
12192768 478
12113640 476
11968000 474
11489280 470
11915904 481
12223008 479
12448800 477
12595200 475
12664320 473
12658464 471
12580128 469
12432000 467
12216960 465
11938080 463
11598624 461
11202048 459
11659648 471
12161664 469
12573600 467
12896800 465
13132800 463
13283328 461
13350304 459
13335840 457
13242240 455
13072000 453
12827808 451
12512544 449
12129280 447
11681280 445
11172000 443
11289600 466
11891880 464
12400128 462
12815400 460
13138944 458
13372200 456
13516800 454
13574568 452
13547520 450
13248000 446
12980520 444
12638208 442
12224040 440
11741184 438
11193000 436
11469600 459
12076064 457
12585600 455
12999168 453
13317920 451
13543200 449
13676544 447
13719680 445
13674528 443
13543200 441
13328000 439
13031424 437
12656160 435
12205088 433
11681280 431
11606400 452
12212200 450
12718080 448
13124904 446
13433728 444
13645800 442
13762560 440
13785640 438
13558248 434
13312000 432
12980520 430
12566400 428
12072424 426
11501568 424
11700000 445
12300288 443
12797568 441
13192608 439
13486368 437
13680000 435
13774848 433
13772448 431
13674528 429
13483008 427
13200000 425
12827808 423
12368928 421
11826048 419
11202048 417
11750400 438
12340328 436
12824064 434
13202280 432
13475840 430
13645800 428
13713408 426
13547520 422
13317480 420
12992000 418
12573288 416
12063744 414
11465960 412
11757600 431
12332320 429
12797568 427
13153920 425
13402144 423
13543200 421
13578240 419
13508608 417
13335840 415
13061664 413
12688000 411
12216960 409
11650848 407
11721600 424
12276264 422
12718080 420
13047528 418
13265280 416
13372200 414
13257960 410
13039488 408
12715560 406
12288000 404
11758824 402
11642400 417
12172160 415
12585600 413
12883104 411
13065248 409
13132800 407
13086720 405
12928160 403
12658464 401
12279168 399
11792000 397
11198880 395
11520000 410
12020008 408
12400128 406
12660648 404
12802048 402
12730368 398
12519208 396
12192768 394
11752488 392
11200000 390
11354400 403
11819808 401
12161664 399
12380160 397
12475680 395
12448800 393
12300288 391
12031104 389
11642400 387
11571560 394
11870208 392
12041640 390
12004200 386
11796480 384
11463848 382
11275264 387
11525760 385
11645088 383
11633440 381
11491200 379
11218944 377
here 0
here 0
here 0
here 1002240
here 10235904
here 9254520
11289600 490
11541504 486
11556600 484
11501568 482
11379480 480
11193600 478
11186112 487
11793600 483
11974560 481
12076800 479
12102912 477
12055680 475
11938080 473
11753280 471
11504640 469
11195712 467
here 2889216
11590656 480
11953656 478
12230400 476
12423000 474
12533760 472
12565176 470
12519936 468
12400920 466
11954040 462
11632896 460
11251416 458
11472384 475
11938752 473
12314016 471
12600000 469
12798720 467
12912384 465
12943392 463
12894336 461
12768000 459
12567360 457
12295584 455
11956032 453
11552256 451
11404800 463
11984544 461
12465600 459
12849408 457
13137600 455
13332000 453
13434624 451
13447680 449
13373568 447
13214880 445
12974400 443
12655104 441
12260160 439
11792928 437
11256960 435
11581440 456
12163800 454
12644352 452
13024440 450
13305600 448
13489560 446
13578240 444
13573752 442
13294680 438
13025280 436
12673080 434
12241152 432
11732760 430
11712000 449
12291840 447
12766656 445
13137696 443
13406400 441
13574400 439
13643520 437
13615776 435
13493376 433
13278720 431
12974400 429
12583200 427
12108096 425
11552256 423
11796480 442
12368664 440
12832512 438
13189176 436
13440000 434
13586520 432
13630464 430
13418496 426
13167000 424
12821760 422
12385464 420
11860992 418
11251416 416
11162880 437
11834880 435
12394272 433
12841920 431
13178880 429
13406400 427
13525920 425
13539072 423
13447680 421
13253760 419
12959520 417
12567360 415
12079872 413
11499840 411
11169720 430
11827200 428
12368664 426
12794880 424
13106808 422
13305600 420
13392600 418
13237560 414
12999168 412
12656280 410
12211200 408
11666424 406
11773440 421
12291840 419
12691392 417
12972960 415
13137600 413
13186560 411
13121280 409
12943392 407
12654720 405
12257280 403
11753280 401
11673600 414
12163800 412
12531456 410
12777336 408
12902400 406
12794880 402
12565176 400
12220416 398
11762520 396
11193600 394
11527680 407
11984544 405
12315072 403
12519936 401
12600000 399
12556320 397
12390144 395
12102912 393
11696256 391
11172000 389
11335680 400
11754072 398
12042240 396
12200760 394
12132120 390
11907072 388
11556600 386
11472384 391
11712960 389
11819808 387
11793600 385
11635200 383
11345664 381
11327232 382
11289600 378
here 0
here 0
here 0
here 4422600
here 9060480
here 9834440
11350560 485
11404800 483
11384832 481
11293920 479
here 5308416
11498760 482
11729536 480
11877000 478
11943936 476
11933320 474
11848320 472
11692296 470
11181576 466
11166848 479
11591424 477
11924640 475
12168800 473
12326400 471
12400128 469
12392864 467
12307680 465
12147840 463
11916800 461
11618208 459
11255904 457
11502216 472
11940864 470
12285000 468
12536832 466
12698760 464
12773376 462
12763464 460
12672000 458
12257280 454
11940936 452
11556864 450
11236320 467
11783200 465
12230400 463
12579840 461
12833632 459
12994080 457
13063680 455
13045120 453
12941280 451
12755232 449
12490240 447
12149760 445
11737440 443
11257120 441
11628000 453
12182016 451
12629760 449
12972960 447
13213536 445
13353600 443
13395456 441
13341600 439
13194720 437
12957696 435
12633600 433
12225696 431
11737440 429
11172480 427
11750400 446
12299848 444
12739584 442
13071240 440
13296640 438
13417800 436
13436928 434
13178880 430
12907080 428
12544000 426
12092808 424
11556864 422
11169792 441
11823840 439
12363296 437
12789504 435
13104000 433
13308512 431
13404960 429
13395456 427
13282304 425
13068000 423
12755232 421
12346880 419
11846016 417
11255904 415
11206152 434
11848320 432
12372360 430
12779520 428
13071240 426
13249152 424
13315080 422
13119240 418
12862080 416
12502152 414
12042240 412
11485320 410
11198880 427
11823840 425
12327040 423
12709632 421
12972960 419
13118560 417
13148160 415
13063680 413
12867232 411
12561120 409
12147840 407
11630080 405
11750400 418
12227336 416
12579840 414
12809160 412
12916736 410
12773376 406
12526280 404
12165120 402
11692296 400
11628000 411
12073248 409
12390144 407
12579840 405
12643680 403
12583200 401
12400128 399
12096384 397
11674080 395
11456640 404
11864776 402
12140544 400
12285000 398
12185160 394
11943936 392
11577544 390
11236320 397
11601920 395
11831040 393
11924640 391
11883872 389
11710080 387
11404800 385
11284680 388
11461632 386
11397120 382
here 0
here 0
here 0
here 1539000
here 7249920
here 9708504
here 7128576
11187000 482
11206656 480
11405472 479
11603200 477
11715840 475
11746560 473
11698720 471
11575872 469
11381760 467
11531520 474
11832600 472
12042240 470
12163320 468
12198912 466
12152280 464
12026880 462
11554560 458
11215512 456
11472032 469
11880000 467
12190464 465
12406016 463
12529440 461
12563712 459
12512000 457
12377664 455
12164256 453
11875520 451
11515392 449
11232000 464
11750200 462
12165120 460
12479064 458
12694528 456
12814200 454
12840960 452
12777880 450
12395448 446
12083200 444
11695320 442
11235840 440
11448000 457
11970816 455
12386880 453
12698400 451
12907776 449
13017600 447
13030656 445
12949920 443
12778560 441
12519936 439
12177600 437
11755296 435
11256960 433
11724480 443
12239392 441
12640320 439
12929280 437
13108480 435
13180320 433
13147392 431
13012480 429
12778560 427
12448800 425
12026560 423
11515392 421
11163096 438
11784960 436
12287352 434
12672000 432
12940824 430
13095936 428
13139640 426
12903000 422
12628224 420
12253176 418
11781120 416
11215512 414
11186208 431
11793600 429
12277760 427
12640320 425
12883104 423
13008128 421
13017600 419
12913920 417
12699680 415
12377664 413
11950848 411
11422400 409
11163096 424
11750400 422
12210616 420
12545280 418
12756120 416
12845056 414
12665856 410
12402520 408
12026880 406
11541816 404
11655360 415
12085920 413
12386880 411
12559872 409
12606720 407
12529440 405
12330240 403
12011520 401
11575872 399
11508480 408
11903672 406
12165120 404
12294360 402
12163320 398
11907072 396
11526680 394
11309760 401
11663872 399
11880000 397
11959584 395
11904256 393
11715840 391
11396352 389
11366520 392
11531520 390
11440128 386
11187000 384
here 0
here 0
here 0
here 0
here 8867880
here 8257536
here 1522920
11255400 476
11418624 474
11495400 472
11489280 470
11404008 468
11243520 466
11414400 471
11681280 469
11854752 467
11938080 465
11934720 463
11848320 461
11682720 459
11441952 457
11385000 466
11759616 464
12034152 462
12211584 460
12295080 458
12288000 456
12193896 454
11759784 450
11427840 448
11172000 461
11658240 459
12038016 457
12314016 455
12489120 453
12566400 451
12549120 449
12440736 447
12244896 445
11965440 443
11606400 441
11172000 439
11381760 454
11870760 452
12249600 450
12520872 448
12687360 446
12752040 444
12718080 442
12367872 438
12058920 436
11665920 434
11193000 432
11536800 447
12022560 445
12394368 443
12654720 441
12806304 439
12852000 437
12794880 435
12638208 433
12385440 431
12040224 429
11606400 427
11682720 433
12144000 431
12483456 429
12703392 427
12806304 425
12794880 423
12672000 421
12440736 419
12104352 417
11666304 415
11673600 426
12113640 424
12427776 422
12618216 420
12687360 418
12472320 414
12193896 412
11805696 410
11311080 408
11609760 419
12022560 417
12305280 415
12460032 413
12489120 411
12395040 409
12180480 407
11848320 405
11401632 403
11491200 412
11870760 410
12115968 408
12228840 406
12066600 402
11796480 400
11404008 398
11317920 405
11658240 403
11859840 401
11924640 399
11854752 397
11652480 395
11320320 393
11385000 396
11536896 394
11418624 390
here 0
here 0
here 0
here 0
here 2058240
here 7340600
here 8640000
11179840 471
11220000 469
11176704 467
11243520 468
11474424 466
11610368 464
11655000 462
11612160 460
11485880 458
11244288 463
11583168 461
11819808 459
11957568 457
12000000 455
11950848 453
11814048 451
11593728 449
11294208 447
11510488 456
11852544 454
12088440 452
12221440 450
12255000 448
12192768 446
11796480 442
11470680 440
11260800 451
11712800 449
12051648 447
12280320 445
12401984 443
12420000 441
12337920 439
12159488 437
11888640 435
11529504 433
11404800 444
11851224 442
12180480 440
12395448 438
12499200 436
12495000 434
12176760 430
11870208 428
11470680 426
11491200 437
11925760 435
12239040 433
12433824 431
12513088 429
12480000 427
12337920 425
12090400 423
11741184 421
11294208 419
11491200 423
11883168 421
12145344 419
12280320 417
12290880 415
12180000 413
11950848 411
11606784 409
11404800 416
11766040 414
11993088 412
12088440 410
11895000 406
11612160 404
11209528 402
11260800 409
11585024 407
11770560 405
11819808 403
11735360 401
11520000 399
11176704 397
11340120 400
11477760 398
11332608 394
here 0
here 0
here 0
here 0
here 5191560
here 8257536
here 5909640
11215776 463
11313120 461
11318400 459
11235840 457
11354112 458
11551176 456
11648000 454
11648520 452
11556864 450
11310112 453
11612160 451
11806080 449
11895520 447
11884320 445
11776512 443
11576320 441
11288160 439
11500104 446
11796480 444
11980488 442
12055680 440
12025800 438
11666760 434
11346048 432
11219040 441
11623040 439
11907072 437
12074400 435
12128480 433
12072960 431
11911680 429
11648672 427
11288160 425
11289600 434
11678920 432
11943936 430
12087816 428
12113920 426
11827200 422
11522056 420
11299680 427
11667744 425
11907072 423
12020736 421
12012000 419
11884320 417
11641344 415
11286912 413
11444224 411
11612160 409
11645088 407
11546080 405
11318400 403
11231880 404
11354112 402
11182080 398
here 0
here 0
here 0
here 0
here 7128576
here 6942264
here 0
11232000 453
11286912 451
11244960 449
11320320 448
11470680 446
11515392 444
11458680 442
11235840 443
11487552 441
11625120 439
11652480 437
11573760 435
11393280 433
11341176 436
11577600 434
11695320 432
11698176 430
11375616 426
11376288 429
11590464 427
11681280 425
11652480 423
11508000 421
11251968 419
11341176 422
11526144 420
11583000 418
11327160 414
11235840 415
11384640 413
11400480 411
11286912 409
here 0
here 0
here 0
here 0
here 5308416
here 7151400
here 2687360
11217960 436
11196416 434
11195520 431
11261952 429
11212320 427
11182080 424
11217960 422
here 0
here 0
here 0
here 2889216
here 6545880
here 4521984
here 0
here 0
here 0
here 0
here 5171400
here 5466240
here 0
here 0
here 0
here 0
here 3110520
here 5519360
here 1280664
here 0
here 0
here 0
here 0
here 482664
here 4717440
here 3113640
here 0
here 0
here 0
here 3133440
here 3970680
here 0
here 0
here 0
here 0
here 877184
here 3878280
here 0
here 0
here 0
here 0
here 0
here 0
here 2899800
here 1816320
here 0
here 0
here 0
here 1135464
here 2580480
here 0
here 0
here 0
here 0
here 0
here 2346240
here 0
here 0
here 0
here 0
here 1204224
here 745416
here 0
here 0
here 0
here 0
here 1404216
here 0
here 0
here 0
here 0
here 0
here 1025000
here 0
here 0
here 0
here 0
here 0
here 0
here 0
here 0
here 0
here 0
here 534144
here 0
here 0
here 0
here 0
here 0
here 0
here 0
here 0
here 0
here 0
here 0
here 0
here 0
here 0
here 46200
here 0
here 0
here 0
here 0
here 0
here 0
here 0
here 0
here 0
here 0
here 0
here 0
here 0
here 0
here 0
here 0
here 0
here 0
here 0
here 0
here 0
here 0
here 0
here 0
here 0
here 0
here 0
here 0
here 0
here 0
here 0
here 0
here 0
here 0
here 0
here 0
here 0
here 0
here 0
here 0
here 0
here 0
here 0
here 0
here 0
here 0
here 0
here 0
here 0
here 0
here 0
here 0
here 0
here 0
here 0
here 0
here 0
here 0
here 0
here 0
here 0
here 0
here 0
here 0
here 0
here 0
here 0
here 0
here 0
here 0
here 0
here 0
here 0
here 0
here 0
here 0
here 0
here 0
here 0
here 0
here 0
here 0
here 0
here 0
here 0
here 0
here 0
here 0
here 0
here 0
here 0
here 0
here 0
here 0
here 0
here 0
here 0
here 0
here 0
here 0
here 0
here 0
here 0
here 0
here 0
here 0
13882464
11162880
